[[6, true, "uniform", 0.0, 10000], [[0, 14541.0, 18115.0, 17530.0, 18034.0, 15262.0], [14541.0, 0, 18498.0, 13302.0, 13817.0, 13610.0], [18115.0, 18498.0, 0, 15771.0, 18381.0, 15458.0], [17530.0, 13302.0, 15771.0, 0, 15224.0, 11951.0], [18034.0, 13817.0, 18381.0, 15224.0, 0, 13076.0], [15262.0, 13610.0, 15458.0, 11951.0, 13076.0, 0]]]