[[7, true, "uniform", 0.1, 10000], [[0, 17032.0, 13779.0, 18323.0, 15323.0, 17391.0, 13957.0], [17032.0, 0, 11063.0, 16075.0, 13753.0, 18935.0, 13049.0], [13779.0, 11063.0, 0, 17824.0, 10733.0, 12716.0, 15076.0], [18323.0, 16075.0, 17824.0, 0, 16819.0, 14537.0, 14261.0], [15323.0, 13753.0, 10733.0, 16819.0, 0, 14000.0, 16995.0], [17391.0, 18935.0, 12716.0, 14537.0, 14000.0, 0, 14617.0], [13957.0, 13049.0, 15076.0, 14261.0, 16995.0, 14617.0, 0]]]