[[10, true, "normal", 0.1, 100], [[0, Infinity, 117.0, 123.0, 107.0, 106.0, 116.0, 111.0, 109.0, 119.0], [Infinity, 0, 109.0, 116.0, 128.0, 109.0, 102.0, 105.0, 109.0, 101.0], [117.0, 109.0, 0, 120.0, 105.0, 110.0, 104.0, 116.0, 108.0, 104.0], [123.0, 116.0, 120.0, 0, 105.0, 109.0, 113.0, 119.0, 111.0, 100.0], [107.0, 128.0, 105.0, 105.0, 0, 115.0, 111.0, 109.0, 109.0, 114.0], [106.0, 109.0, 110.0, 109.0, 115.0, 0, 112.0, 117.0, 120.0, 119.0], [116.0, 102.0, 104.0, 113.0, 111.0, 112.0, 0, 115.0, 109.0, 117.0], [111.0, 105.0, 116.0, 119.0, 109.0, 117.0, 115.0, 0, 104.0, 107.0], [109.0, 109.0, 108.0, 111.0, 109.0, 120.0, 109.0, 104.0, 0, 112.0], [119.0, 101.0, 104.0, 100.0, 114.0, 119.0, 117.0, 107.0, 112.0, 0]]]