[[10, true, "uniform", 0.0, 100], [[0, 178.0, 129.0, 115.0, 140.0, 164.0, 170.0, 136.0, 141.0, 105.0], [178.0, 0, 127.0, 144.0, 171.0, 118.0, 157.0, 135.0, 170.0, 155.0], [129.0, 127.0, 0, 139.0, 174.0, 142.0, 158.0, 160.0, 138.0, 138.0], [115.0, 144.0, 139.0, 0, 174.0, 155.0, 175.0, 126.0, 147.0, 173.0], [140.0, 171.0, 174.0, 174.0, 0, 151.0, 141.0, 161.0, 153.0, 116.0], [164.0, 118.0, 142.0, 155.0, 151.0, 0, 182.0, 152.0, 150.0, 190.0], [170.0, 157.0, 158.0, 175.0, 141.0, 182.0, 0, 127.0, 144.0, 186.0], [136.0, 135.0, 160.0, 126.0, 161.0, 152.0, 127.0, 0, 145.0, 132.0], [141.0, 170.0, 138.0, 147.0, 153.0, 150.0, 144.0, 145.0, 0, 159.0], [105.0, 155.0, 138.0, 173.0, 116.0, 190.0, 186.0, 132.0, 159.0, 0]]]