[[6, true, "normal", 0.3, 100], [[0, 114.0, 114.0, 107.0, 116.0, 102.0], [114.0, 0, 108.0, 110.0, 113.0, 115.0], [114.0, 108.0, 0, 110.0, 108.0, 102.0], [107.0, 110.0, 110.0, 0, 116.0, 113.0], [116.0, 113.0, 108.0, 116.0, 0, 106.0], [102.0, 115.0, 102.0, 113.0, 106.0, 0]]]