[[9, true, "normal", 0.0, 10000], [[0, 10461.0, 10745.0, 12177.0, 11324.0, 10853.0, 11723.0, 12126.0, 11385.0], [10461.0, 0, 11094.0, 11313.0, 10225.0, 11282.0, 10590.0, 12883.0, 11338.0], [10745.0, 11094.0, 0, 12125.0, 11717.0, 10841.0, 10986.0, 10511.0, 10684.0], [12177.0, 11313.0, 12125.0, 0, 11395.0, 10706.0, 11791.0, 11690.0, 11765.0], [11324.0, 10225.0, 11717.0, 11395.0, 0, 10613.0, 12163.0, 11489.0, 10420.0], [10853.0, 11282.0, 10841.0, 10706.0, 10613.0, 0, 10679.0, 10447.0, 11484.0], [11723.0, 10590.0, 10986.0, 11791.0, 12163.0, 10679.0, 0, 11852.0, 10950.0], [12126.0, 12883.0, 10511.0, 11690.0, 11489.0, 10447.0, 11852.0, 0, 11105.0], [11385.0, 11338.0, 10684.0, 11765.0, 10420.0, 11484.0, 10950.0, 11105.0, 0]]]