[[8, true, "uniform", 0.2, 100], [[0, 154.0, 172.0, 155.0, 143.0, 139.0, 186.0, 142.0], [154.0, 0, 164.0, 195.0, 176.0, 126.0, 162.0, Infinity], [172.0, 164.0, 0, 113.0, 134.0, 138.0, 155.0, 116.0], [155.0, 195.0, 113.0, 0, 161.0, 118.0, Infinity, 168.0], [143.0, 176.0, 134.0, 161.0, 0, 111.0, 142.0, 141.0], [139.0, 126.0, 138.0, 118.0, 111.0, 0, 159.0, Infinity], [186.0, 162.0, 155.0, Infinity, 142.0, 159.0, 0, 156.0], [142.0, Infinity, 116.0, 168.0, 141.0, Infinity, 156.0, 0]]]