[[7, true, "normal", 0.1, 10000], [[0, 10618.0, 10266.0, 11927.0, 11539.0, 10657.0, 11403.0], [10618.0, 0, 11195.0, 11268.0, 12058.0, 10478.0, 11137.0], [10266.0, 11195.0, 0, 12301.0, 11133.0, 11119.0, 11114.0], [11927.0, 11268.0, 12301.0, 0, 10598.0, 11522.0, 11118.0], [11539.0, 12058.0, 11133.0, 10598.0, 0, 10477.0, 10721.0], [10657.0, 10478.0, 11119.0, 11522.0, 10477.0, 0, 11973.0], [11403.0, 11137.0, 11114.0, 11118.0, 10721.0, 11973.0, 0]]]