[[8, true, "normal", 0.0, 100], [[0, 108.0, 102.0, 103.0, 108.0, 125.0, 116.0, 118.0], [108.0, 0, 109.0, 102.0, 123.0, 115.0, 104.0, 117.0], [102.0, 109.0, 0, 115.0, 115.0, 110.0, 118.0, 114.0], [103.0, 102.0, 115.0, 0, 105.0, 105.0, 109.0, 120.0], [108.0, 123.0, 115.0, 105.0, 0, 108.0, 104.0, 106.0], [125.0, 115.0, 110.0, 105.0, 108.0, 0, 115.0, 106.0], [116.0, 104.0, 118.0, 109.0, 104.0, 115.0, 0, 111.0], [118.0, 117.0, 114.0, 120.0, 106.0, 106.0, 111.0, 0]]]