[[10, true, "normal", 0.0, 10000], [[0, 11338.0, 11652.0, 11045.0, 11389.0, 10953.0, 11155.0, 11288.0, 11666.0, 11988.0], [11338.0, 0, 10378.0, 11467.0, 10900.0, 10317.0, 11708.0, 11358.0, 12010.0, 10491.0], [11652.0, 10378.0, 0, 10638.0, 10494.0, 10273.0, 11283.0, 11441.0, 11159.0, 11772.0], [11045.0, 11467.0, 10638.0, 0, 11127.0, 11823.0, 11283.0, 11178.0, 11470.0, 11398.0], [11389.0, 10900.0, 10494.0, 11127.0, 0, 11661.0, 11244.0, 11743.0, 11037.0, 11411.0], [10953.0, 10317.0, 10273.0, 11823.0, 11661.0, 0, 10940.0, 11966.0, 10328.0, 10926.0], [11155.0, 11708.0, 11283.0, 11283.0, 11244.0, 10940.0, 0, 12229.0, 11127.0, 11446.0], [11288.0, 11358.0, 11441.0, 11178.0, 11743.0, 11966.0, 12229.0, 0, 10971.0, 10753.0], [11666.0, 12010.0, 11159.0, 11470.0, 11037.0, 10328.0, 11127.0, 10971.0, 0, 11853.0], [11988.0, 10491.0, 11772.0, 11398.0, 11411.0, 10926.0, 11446.0, 10753.0, 11853.0, 0]]]