[[9, true, "uniform", 0.0, 1000], [[0, 1715.0, 1541.0, 1476.0, 1449.0, 1437.0, 1827.0, 1151.0, 1857.0], [1715.0, 0, 1290.0, 1043.0, 1828.0, 1287.0, 1605.0, 1296.0, 1140.0], [1541.0, 1290.0, 0, 1928.0, 1362.0, 1435.0, 1410.0, 1570.0, 1605.0], [1476.0, 1043.0, 1928.0, 0, 1679.0, 1258.0, 1854.0, 1899.0, 1231.0], [1449.0, 1828.0, 1362.0, 1679.0, 0, 1455.0, 1630.0, 1173.0, 1562.0], [1437.0, 1287.0, 1435.0, 1258.0, 1455.0, 0, 1317.0, 1355.0, 1477.0], [1827.0, 1605.0, 1410.0, 1854.0, 1630.0, 1317.0, 0, 1691.0, 1397.0], [1151.0, 1296.0, 1570.0, 1899.0, 1173.0, 1355.0, 1691.0, 0, 1574.0], [1857.0, 1140.0, 1605.0, 1231.0, 1562.0, 1477.0, 1397.0, 1574.0, 0]]]