[[9, true, "normal", 0.1, 100], [[0, 109.0, 118.0, 123.0, 118.0, 100.0, 111.0, 116.0, 112.0], [109.0, 0, 124.0, 116.0, 110.0, 100.0, 107.0, 100.0, 113.0], [118.0, 124.0, 0, 110.0, 105.0, 106.0, 127.0, 108.0, 104.0], [123.0, 116.0, 110.0, 0, 107.0, 107.0, 115.0, 115.0, Infinity], [118.0, 110.0, 105.0, 107.0, 0, 115.0, 102.0, 125.0, 105.0], [100.0, 100.0, 106.0, 107.0, 115.0, 0, Infinity, 109.0, Infinity], [111.0, 107.0, 127.0, 115.0, 102.0, Infinity, 0, 117.0, 114.0], [116.0, 100.0, 108.0, 115.0, 125.0, 109.0, 117.0, 0, 115.0], [112.0, 113.0, 104.0, Infinity, 105.0, Infinity, 114.0, 115.0, 0]]]