[[6, true, "normal", 0.0, 10000], [[0, 10504.0, 10933.0, 11456.0, 11092.0, 10264.0], [10504.0, 0, 10427.0, 11589.0, 11116.0, 11042.0], [10933.0, 10427.0, 0, 11895.0, 10825.0, 10534.0], [11456.0, 11589.0, 11895.0, 0, 11068.0, 11802.0], [11092.0, 11116.0, 10825.0, 11068.0, 0, 10557.0], [10264.0, 11042.0, 10534.0, 11802.0, 10557.0, 0]]]