[[9, true, "uniform", 0.0, 100], [[0, 148.0, 175.0, 157.0, 145.0, 159.0, 140.0, 136.0, 155.0], [148.0, 0, 170.0, 133.0, 140.0, 170.0, 135.0, 185.0, 145.0], [175.0, 170.0, 0, 139.0, 183.0, 146.0, 172.0, 187.0, 134.0], [157.0, 133.0, 139.0, 0, 141.0, 179.0, 167.0, 175.0, 158.0], [145.0, 140.0, 183.0, 141.0, 0, 166.0, 158.0, 181.0, 125.0], [159.0, 170.0, 146.0, 179.0, 166.0, 0, 180.0, 186.0, 160.0], [140.0, 135.0, 172.0, 167.0, 158.0, 180.0, 0, 177.0, 182.0], [136.0, 185.0, 187.0, 175.0, 181.0, 186.0, 177.0, 0, 148.0], [155.0, 145.0, 134.0, 158.0, 125.0, 160.0, 182.0, 148.0, 0]]]