[[8, true, "uniform", 0.1, 10], [[0, 16.0, 15.0, 11.0, 13.0, 16.0, 13.0, 13.0], [16.0, 0, 12.0, 14.0, 13.0, 17.0, 14.0, 17.0], [15.0, 12.0, 0, 13.0, 13.0, 12.0, 14.0, 14.0], [11.0, 14.0, 13.0, 0, 16.0, 13.0, 17.0, 16.0], [13.0, 13.0, 13.0, 16.0, 0, 19.0, 13.0, 14.0], [16.0, 17.0, 12.0, 13.0, 19.0, 0, 16.0, 11.0], [13.0, 14.0, 14.0, 17.0, 13.0, 16.0, 0, 14.0], [13.0, 17.0, 14.0, 16.0, 14.0, 11.0, 14.0, 0]]]