[[7, true, "uniform", 0.0, 10000], [[0, 16837.0, 16225.0, 16522.0, 14250.0, 16172.0, 18817.0], [16837.0, 0, 13799.0, 14636.0, 15631.0, 13132.0, 12988.0], [16225.0, 13799.0, 0, 16704.0, 13540.0, 16097.0, 13976.0], [16522.0, 14636.0, 16704.0, 0, 13375.0, 15604.0, 12117.0], [14250.0, 15631.0, 13540.0, 13375.0, 0, 18159.0, 15258.0], [16172.0, 13132.0, 16097.0, 15604.0, 18159.0, 0, 14830.0], [18817.0, 12988.0, 13976.0, 12117.0, 15258.0, 14830.0, 0]]]