[[9, true, "uniform", 0.0, 10000], [[0, 18449.0, 16764.0, 13577.0, 14146.0, 17626.0, 18026.0, 17275.0, 13499.0], [18449.0, 0, 12424.0, 16762.0, 14672.0, 18336.0, 12977.0, 16640.0, 17013.0], [16764.0, 12424.0, 0, 18674.0, 12672.0, 18121.0, 16151.0, 17333.0, 17549.0], [13577.0, 16762.0, 18674.0, 0, 14762.0, 12846.0, 13859.0, 15762.0, 12509.0], [14146.0, 14672.0, 12672.0, 14762.0, 0, 14298.0, 15723.0, 14289.0, 15141.0], [17626.0, 18336.0, 18121.0, 12846.0, 14298.0, 0, 18390.0, 16064.0, 17998.0], [18026.0, 12977.0, 16151.0, 13859.0, 15723.0, 18390.0, 0, 16010.0, 14997.0], [17275.0, 16640.0, 17333.0, 15762.0, 14289.0, 16064.0, 16010.0, 0, 16567.0], [13499.0, 17013.0, 17549.0, 12509.0, 15141.0, 17998.0, 14997.0, 16567.0, 0]]]