[[7, true, "normal", 0.0, 10000], [[0, 10559.0, 10560.0, 11540.0, 10992.0, 11067.0, 10922.0], [10559.0, 0, 10905.0, 10900.0, 10473.0, 11186.0, 11673.0], [10560.0, 10905.0, 0, 11765.0, 11802.0, 10786.0, 11840.0], [11540.0, 10900.0, 11765.0, 0, 11124.0, 11821.0, 11436.0], [10992.0, 10473.0, 11802.0, 11124.0, 0, 11006.0, 11393.0], [11067.0, 11186.0, 10786.0, 11821.0, 11006.0, 0, 11410.0], [10922.0, 11673.0, 11840.0, 11436.0, 11393.0, 11410.0, 0]]]