[[8, true, "normal", 0.0, 1000], [[0, 1138.0, 1050.0, 1057.0, 1195.0, 1026.0, 1297.0, 1200.0], [1138.0, 0, 1209.0, 1069.0, 1105.0, 1148.0, 1035.0, 1092.0], [1050.0, 1209.0, 0, 1072.0, 1051.0, 1057.0, 1100.0, 1040.0], [1057.0, 1069.0, 1072.0, 0, 1141.0, 1104.0, 1116.0, 1073.0], [1195.0, 1105.0, 1051.0, 1141.0, 0, 1082.0, 1128.0, 1068.0], [1026.0, 1148.0, 1057.0, 1104.0, 1082.0, 0, 1075.0, 1109.0], [1297.0, 1035.0, 1100.0, 1116.0, 1128.0, 1075.0, 0, 1051.0], [1200.0, 1092.0, 1040.0, 1073.0, 1068.0, 1109.0, 1051.0, 0]]]