[[10, true, "uniform", 0.0, 10000], [[0, 12476.0, 14353.0, 19192.0, 16924.0, 13354.0, 10836.0, 15546.0, 17413.0, 17195.0], [12476.0, 0, 18411.0, 16892.0, 13802.0, 16901.0, 17827.0, 16240.0, 11604.0, 15664.0], [14353.0, 18411.0, 0, 14623.0, 14843.0, 16733.0, 16182.0, 16968.0, 16074.0, 15073.0], [19192.0, 16892.0, 14623.0, 0, 15885.0, 14626.0, 14076.0, 13926.0, 14784.0, 17815.0], [16924.0, 13802.0, 14843.0, 15885.0, 0, 18409.0, 14729.0, 14677.0, 13839.0, 14035.0], [13354.0, 16901.0, 16733.0, 14626.0, 18409.0, 0, 15647.0, 13525.0, 14934.0, 15211.0], [10836.0, 17827.0, 16182.0, 14076.0, 14729.0, 15647.0, 0, 15041.0, 16315.0, 17215.0], [15546.0, 16240.0, 16968.0, 13926.0, 14677.0, 13525.0, 15041.0, 0, 12505.0, 18329.0], [17413.0, 11604.0, 16074.0, 14784.0, 13839.0, 14934.0, 16315.0, 12505.0, 0, 16298.0], [17195.0, 15664.0, 15073.0, 17815.0, 14035.0, 15211.0, 17215.0, 18329.0, 16298.0, 0]]]