[[9, true, "uniform", 0.1, 10000], [[0, 15137.0, 15539.0, 15939.0, 16599.0, 15785.0, 12944.0, 12459.0, 16202.0], [15137.0, 0, 16461.0, 18776.0, 15752.0, 18405.0, 13010.0, 15416.0, 12522.0], [15539.0, 16461.0, 0, 16003.0, 12638.0, 11813.0, 13986.0, 15559.0, 13679.0], [15939.0, 18776.0, 16003.0, 0, 15686.0, 14168.0, 14682.0, 17180.0, 13803.0], [16599.0, 15752.0, 12638.0, 15686.0, 0, 19260.0, 11648.0, 13424.0, 16094.0], [15785.0, 18405.0, 11813.0, 14168.0, 19260.0, 0, Infinity, Infinity, 12808.0], [12944.0, 13010.0, 13986.0, 14682.0, 11648.0, Infinity, 0, 13710.0, 18030.0], [12459.0, 15416.0, 15559.0, 17180.0, 13424.0, Infinity, 13710.0, 0, 17295.0], [16202.0, 12522.0, 13679.0, 13803.0, 16094.0, 12808.0, 18030.0, 17295.0, 0]]]