[[10, true, "normal", 0.0, 1000], [[0, 1166.0, 1028.0, 1122.0, 1117.0, 1140.0, 1132.0, 1103.0, 1154.0, 1072.0], [1166.0, 0, 1042.0, 1078.0, 1146.0, 1038.0, 1188.0, 1098.0, 1109.0, 1176.0], [1028.0, 1042.0, 0, 1091.0, 1083.0, 1046.0, 1224.0, 1149.0, 1199.0, 1024.0], [1122.0, 1078.0, 1091.0, 0, 1172.0, 1019.0, 1131.0, 1095.0, 1217.0, 1084.0], [1117.0, 1146.0, 1083.0, 1172.0, 0, 1140.0, 1135.0, 1090.0, 1154.0, 1069.0], [1140.0, 1038.0, 1046.0, 1019.0, 1140.0, 0, 1109.0, 1052.0, 1165.0, 1199.0], [1132.0, 1188.0, 1224.0, 1131.0, 1135.0, 1109.0, 0, 1154.0, 1044.0, 1162.0], [1103.0, 1098.0, 1149.0, 1095.0, 1090.0, 1052.0, 1154.0, 0, 1034.0, 1176.0], [1154.0, 1109.0, 1199.0, 1217.0, 1154.0, 1165.0, 1044.0, 1034.0, 0, 1106.0], [1072.0, 1176.0, 1024.0, 1084.0, 1069.0, 1199.0, 1162.0, 1176.0, 1106.0, 0]]]