[[7, true, "normal", 0.1, 1000], [[0, 1083.0, 1196.0, 1165.0, 1075.0, 1138.0, 1079.0], [1083.0, 0, 1208.0, 1121.0, 1088.0, 1159.0, 1123.0], [1196.0, 1208.0, 0, 1129.0, 1051.0, 1155.0, 1065.0], [1165.0, 1121.0, 1129.0, 0, 1084.0, 1151.0, 1113.0], [1075.0, 1088.0, 1051.0, 1084.0, 0, 1065.0, 1111.0], [1138.0, 1159.0, 1155.0, 1151.0, 1065.0, 0, 1134.0], [1079.0, 1123.0, 1065.0, 1113.0, 1111.0, 1134.0, 0]]]