[[9, true, "uniform", 0.1, 10], [[0, 11.0, 17.0, 16.0, 13.0, 14.0, 14.0, 11.0, 17.0], [11.0, 0, 12.0, 16.0, 16.0, 14.0, 12.0, 15.0, Infinity], [17.0, 12.0, 0, 16.0, 13.0, 13.0, 11.0, 12.0, 13.0], [16.0, 16.0, 16.0, 0, 16.0, 15.0, 14.0, 14.0, 14.0], [13.0, 16.0, 13.0, 16.0, 0, 15.0, 11.0, 17.0, Infinity], [14.0, 14.0, 13.0, 15.0, 15.0, 0, 16.0, 15.0, 14.0], [14.0, 12.0, 11.0, 14.0, 11.0, 16.0, 0, 15.0, 14.0], [11.0, 15.0, 12.0, 14.0, 17.0, 15.0, 15.0, 0, 13.0], [17.0, Infinity, 13.0, 14.0, Infinity, 14.0, 14.0, 13.0, 0]]]