[[6, true, "normal", 0.0, 1000], [[0, 1142.0, 1098.0, 1035.0, 1099.0, 1103.0], [1142.0, 0, 1136.0, 1080.0, 1096.0, 1142.0], [1098.0, 1136.0, 0, 1197.0, 1094.0, 1227.0], [1035.0, 1080.0, 1197.0, 0, 1223.0, 1102.0], [1099.0, 1096.0, 1094.0, 1223.0, 0, 1081.0], [1103.0, 1142.0, 1227.0, 1102.0, 1081.0, 0]]]