[[6, true, "normal", 0.1, 1000], [[0, 1113.0, 1168.0, 1120.0, 1118.0, 1061.0], [1113.0, 0, 1146.0, 1061.0, 1195.0, 1115.0], [1168.0, 1146.0, 0, 1119.0, 1049.0, 1160.0], [1120.0, 1061.0, 1119.0, 0, 1097.0, 1105.0], [1118.0, 1195.0, 1049.0, 1097.0, 0, 1143.0], [1061.0, 1115.0, 1160.0, 1105.0, 1143.0, 0]]]