[[8, true, "normal", 0.0, 10000], [[0, 11305.0, 11346.0, 10889.0, 10177.0, 11183.0, 10834.0, 11697.0], [11305.0, 0, 11354.0, 11246.0, 11058.0, 11800.0, 10624.0, 10795.0], [11346.0, 11354.0, 0, 11312.0, 10704.0, 11171.0, 12115.0, 11927.0], [10889.0, 11246.0, 11312.0, 0, 11632.0, 10972.0, 11268.0, 11660.0], [10177.0, 11058.0, 10704.0, 11632.0, 0, 11033.0, 10822.0, 10384.0], [11183.0, 11800.0, 11171.0, 10972.0, 11033.0, 0, 10720.0, 12255.0], [10834.0, 10624.0, 12115.0, 11268.0, 10822.0, 10720.0, 0, 11036.0], [11697.0, 10795.0, 11927.0, 11660.0, 10384.0, 12255.0, 11036.0, 0]]]