[[9, true, "normal", 0.0, 1000], [[0, 1103.0, 1207.0, 1060.0, 1073.0, 1045.0, 1083.0, 1039.0, 1102.0], [1103.0, 0, 1028.0, 1167.0, 1106.0, 1140.0, 1121.0, 1164.0, 1206.0], [1207.0, 1028.0, 0, 1115.0, 1201.0, 1092.0, 1105.0, 1159.0, 1164.0], [1060.0, 1167.0, 1115.0, 0, 1053.0, 1130.0, 1112.0, 1088.0, 1149.0], [1073.0, 1106.0, 1201.0, 1053.0, 0, 1106.0, 1082.0, 1105.0, 1082.0], [1045.0, 1140.0, 1092.0, 1130.0, 1106.0, 0, 1106.0, 1088.0, 1079.0], [1083.0, 1121.0, 1105.0, 1112.0, 1082.0, 1106.0, 0, 1067.0, 1094.0], [1039.0, 1164.0, 1159.0, 1088.0, 1105.0, 1088.0, 1067.0, 0, 1056.0], [1102.0, 1206.0, 1164.0, 1149.0, 1082.0, 1079.0, 1094.0, 1056.0, 0]]]