[[8, true, "uniform", 0.0, 10000], [[0, 13314.0, 13287.0, 16455.0, 15506.0, 14792.0, 16576.0, 17363.0], [13314.0, 0, 18124.0, 10807.0, 13471.0, 15300.0, 16038.0, 13292.0], [13287.0, 18124.0, 0, 18956.0, 13848.0, 14204.0, 16539.0, 18562.0], [16455.0, 10807.0, 18956.0, 0, 15398.0, 15575.0, 15702.0, 15956.0], [15506.0, 13471.0, 13848.0, 15398.0, 0, 15608.0, 13044.0, 14174.0], [14792.0, 15300.0, 14204.0, 15575.0, 15608.0, 0, 17827.0, 18422.0], [16576.0, 16038.0, 16539.0, 15702.0, 13044.0, 17827.0, 0, 14326.0], [17363.0, 13292.0, 18562.0, 15956.0, 14174.0, 18422.0, 14326.0, 0]]]