[[6, true, "uniform", 0.0, 1000], [[0, 1047.0, 1460.0, 1436.0, 1679.0, 1100.0], [1047.0, 0, 1135.0, 1643.0, 1362.0, 1490.0], [1460.0, 1135.0, 0, 1677.0, 1717.0, 1595.0], [1436.0, 1643.0, 1677.0, 0, 1116.0, 1448.0], [1679.0, 1362.0, 1717.0, 1116.0, 0, 1328.0], [1100.0, 1490.0, 1595.0, 1448.0, 1328.0, 0]]]