[[10, true, "uniform", 0.0, 1000], [[0, 1564.0, 1596.0, 1573.0, 1753.0, 1891.0, 1696.0, 1241.0, 1885.0, 1558.0], [1564.0, 0, 1880.0, 1585.0, 1617.0, 1494.0, 1130.0, 1827.0, 1842.0, 1189.0], [1596.0, 1880.0, 0, 1533.0, 1416.0, 1410.0, 1172.0, 1312.0, 1505.0, 1344.0], [1573.0, 1585.0, 1533.0, 0, 1682.0, 1382.0, 1708.0, 1670.0, 1779.0, 1516.0], [1753.0, 1617.0, 1416.0, 1682.0, 0, 1187.0, 1902.0, 1482.0, 1772.0, 1476.0], [1891.0, 1494.0, 1410.0, 1382.0, 1187.0, 0, 1482.0, 1688.0, 1566.0, 1350.0], [1696.0, 1130.0, 1172.0, 1708.0, 1902.0, 1482.0, 0, 1104.0, 1542.0, 1081.0], [1241.0, 1827.0, 1312.0, 1670.0, 1482.0, 1688.0, 1104.0, 0, 1522.0, 1699.0], [1885.0, 1842.0, 1505.0, 1779.0, 1772.0, 1566.0, 1542.0, 1522.0, 0, 1165.0], [1558.0, 1189.0, 1344.0, 1516.0, 1476.0, 1350.0, 1081.0, 1699.0, 1165.0, 0]]]