[[6, true, "uniform", 0.0, 100], [[0, 128.0, 137.0, 127.0, 194.0, 146.0], [128.0, 0, 178.0, 163.0, 151.0, 141.0], [137.0, 178.0, 0, 150.0, 141.0, 183.0], [127.0, 163.0, 150.0, 0, 154.0, 159.0], [194.0, 151.0, 141.0, 154.0, 0, 155.0], [146.0, 141.0, 183.0, 159.0, 155.0, 0]]]