[[9, true, "uniform", 0.0, 10], [[0, 16.0, 15.0, 15.0, 13.0, 15.0, 15.0, 15.0, 13.0], [16.0, 0, 18.0, 11.0, 14.0, 11.0, 17.0, 13.0, 14.0], [15.0, 18.0, 0, 10.0, 14.0, 11.0, 14.0, 16.0, 17.0], [15.0, 11.0, 10.0, 0, 12.0, 14.0, 15.0, 16.0, 16.0], [13.0, 14.0, 14.0, 12.0, 0, 14.0, 15.0, 11.0, 14.0], [15.0, 11.0, 11.0, 14.0, 14.0, 0, 15.0, 14.0, 14.0], [15.0, 17.0, 14.0, 15.0, 15.0, 15.0, 0, 18.0, 10.0], [15.0, 13.0, 16.0, 16.0, 11.0, 14.0, 18.0, 0, 14.0], [13.0, 14.0, 17.0, 16.0, 14.0, 14.0, 10.0, 14.0, 0]]]