[[7, true, "normal", 0.0, 1000], [[0, 1147.0, 1160.0, 1191.0, 1114.0, 1138.0, 1120.0], [1147.0, 0, 1219.0, 1229.0, 1106.0, 1239.0, 1089.0], [1160.0, 1219.0, 0, 1075.0, 1123.0, 1069.0, 1109.0], [1191.0, 1229.0, 1075.0, 0, 1062.0, 1018.0, 1120.0], [1114.0, 1106.0, 1123.0, 1062.0, 0, 1042.0, 1141.0], [1138.0, 1239.0, 1069.0, 1018.0, 1042.0, 0, 1074.0], [1120.0, 1089.0, 1109.0, 1120.0, 1141.0, 1074.0, 0]]]