[[6, true, "normal", 0.0, 100], [[0, 118.0, 125.0, 110.0, 104.0, 108.0], [118.0, 0, 115.0, 110.0, 126.0, 101.0], [125.0, 115.0, 0, 111.0, 113.0, 101.0], [110.0, 110.0, 111.0, 0, 109.0, 116.0], [104.0, 126.0, 113.0, 109.0, 0, 106.0], [108.0, 101.0, 101.0, 116.0, 106.0, 0]]]